13

-0.15542164252708594813775330240597245875839127953596684942676434789882674739322464939254394074911057618270764e0 0.33453102693687081126530691008043810564475089199546385950341268165663379650164466684569621126955451310140509e0
0.24416602149474290113773102087953900701425009022940461733323774802930453111501897957603953685020633000802013e-1 0.12158021114850479863293157873848313032843276432458608123251606447536695968560329085706545150865862961836602e-1
0.69102121415883803344177050021374191449853932238203808870023046606177638932521538365706850673455100157421743e-1 0.10932632278572565506556381777519006080753138860551015123497738930705844793248326552247918499593670615825750e0
-0.66612700127695900481589994408860292561750143978242008734074460179041108371845408883953710835932202784233384e0 0.62844203466487511112172718922491835202699103167594673403353198755036186606428567759808921431159152722275197e0

0.36055801133873118674096446672010219159063308030951687436119076975680241961329974221738360864297069029966431e0 -0.91302249046615799096652453446237116533873859873782662249999720867958344029187325548974542788725787590542706e0
-0.10386138719187287975819107326429285774250742525030762153262219358568671144115764973847869535310671658779781e1 0.10357042461121890828087761067702096235095260751551973219574017741791137455356015873881080219309921128333626e0
-0.12045834979697480137928633742218785046076900080701470671511352641391032318643743332528032571793245892854692e0 -0.18624460391181563692646258837081386529924693655192849616914977194665496897595913411324757664528522020150644e0
0.56600133742460355960274443982454068686223147467896032661661172805524160973245519295284441567017410587691310e-2 0.18016535304713628687834634075665177699343304170169458558470622296311290177662657318352772156467265600664509e-1

0.76793754976718835126722637921682118697480835186614400020030208665353382273024100584225047993614888706150250e0 0.10747309038587146063719808438564341220508636927025533788528680696817254001432597163251146269529445280714245e0
-0.16194279314409089265757106118360992457551034991311936929573753742679705636150018813462987411682743011738875e1 -0.48576100607612381373755514642240151195769270591372322532618563785357515250092902020200858778752442140997819e-1
-0.67389396055700597326607500701704003389419014656575354961195517147494875757753239285615192307567938740143779e0 0.53355107017145207523231180678437148018249841971181148567141714655811958251127957848908993093069649244015797e-1
0.15001828827963452461622263196037160503155048165528739467339412763660472906848613624684489273501180753093061e0 -0.30621922781583506192607418886655616772887728748690980070899759849583350203094822525285929323877489009350042e-1

-0.13087562083356640527830634288574824361380395364731391444234855633075837806541147053818681476234308368707368e1 0.55185814407471807690048375896084815793123460028187976076044087264652134945512392374224693373848195434758655e-1
0.74914334654855799504665242677283345439098899384382119243339868489273276099224587575566711368720338085971689e-1 -0.31698170793189824011781361722253777992623241537563298543160221284227817567701058457664908976425037196054621e0
-0.33138637733757599160400905220149696778515154806756596833817010592131933125410785787503497007211197905640461e-1 -0.23993709274429245634958868729082629327119512889447533561216147313310306421108552599751240534771328310834663e-1
-0.38707585929892728061308260406386981528647434838986635043417738057524926192525975033496107352346375889683713e0 0.25988663051221965912884983688080003645306740598939630318523531368376213142673986756202194429230466322265551e0

0.35149928189350719670267571569284534377800880638013356983041245921407344047146928796435972403551108269366146e0 -0.96657277143978175912300904149877968031102861951396882969567891636087321250783034959451023128781606795692584e0
-0.10165010162026673880364682640356981451930213147800442284253908861204823389387461121476044616129908331305715e1 0.12683852690837938031774895793381824379219635170320903544292153260893346815308127984811675811179091413454412e0
-0.11449490706793061933766607726973250361671696346974621489182862407402774297778076499841424978971794074553424e0 -0.16880525420937379786470358753199896743975349494079612850414365785308037510681768748252291694356917875820325e0
0.11274161314312145788836881304291708869236964428676877182408350096281310285049643364066879112695422742291386e-1 0.13467159198379971146891385748148057387438598642548666356660168607370600704419520734352891847348843775214338e-1

0.50537579822408769391143845329954214103703386738304575466444940546828009613542538071573678643730554261537756e0 0.22449964812892427193672280458778095396183479239418230275817964985159229010087750050552236464534716885430236e0
-0.15356500904793225873299752294648408150281627493203162976685699254823356674598390580741061176702719270419273e1 0.69726983456841413604654784188005383573319008972277841846851724673663997570858944243534754951876640908802407e-1
-0.74558647906238717626821590547447349051405964212920402255005667956079526390620235694351198596951231495882831e0 0.41559963192452426528696862957475984835094609632430802430400893172782179022057376445496213214615484187357147e0
0.14792111759080958538301928215222321336385787050170486356042460363599291166873437713817740426213967276953755e0 -0.21868523932410316492803033049674922361344589135158233762431880099578527030182702888717784086770780063205927e0

0.44080997534915958023270692427116398557333682564959282518903775885552047725280867313319039834637270856416127e0 0.18634846228151690603270583907055969273416120613401401283253696832464661355910997993045294094150541028685428e0
-0.15001277985179025193990923292054455611347839914037054884439435826001709855040483038673713623214659501714654e1 0.19271152749729748862599273877018508776679253531684872921894646540799908533065460533301903725655593628146394e0
-0.75737255421642333780884570926241256446464564659588627403654001076153470436897251735643568515373114003626873e0 0.58193602398599867213477021122707862579581442038965957187432173861715680284204429664738812892189144867355624e0
0.12654916389720488541794724241378373008508282139286484500191321459357056751782815722699766672524398188281716e0 -0.31074910803019632427771886025095988262573142360946892057463855984493865815051883719247842479563811769945562e0

-0.47436982294016298094354327721722537214568371784366745866880812170595429326220537638678710224632808469566821e0 0.14606852997574332899616001373415474974439544115820669485363682730110862793477136203309050314209783904370434e0
-0.37868276046398899001390176059649204237624965469820555380557755292086798763358395971990375848290042148631528e-2 -0.52500494194431370017616659139403699616706579826047446937579093056716467422868655903980594956579634026418614e-1
-0.81041110322888662687909269137993269228072073022780880456062338273463553871237749410191763502777738019476116e-1 -0.43874321237109131491530406809882729650353262498847495503649408655701606054454791875582149334060120274931095e-1
-0.55054371839734791547855851731344498467984304136075035651793219626263721355423202665875336559463123755068619e0 0.58205454895203008685031534496471840819704176245649495527480435152301879252205616331922763465152620535548974e0

0.54132982484701284579065845768254944970865696404990759081539567748888952544190161249065928313487029965820852e0 -0.41530928464113019828719406046515857051367907145360070225384649671481956859290398364733023894720275586363458e0
-0.13304529677326814518001594174577519893472804543352877089561244814985916274053627696631285980480760574760213e1 -0.49682743881067816253321756194945100196218821896112044155385907409470898143453030263563209012786174785922019e-1
-0.38693226751518331707411371255000004800218988790891398455617779409705364634800302650334179875838372071202869e0 -0.34564995998586609988100533549880293538688681356466865077258436737866346655675970894273109910820952666564347e0
0.18541631518309665549035348441308222247355982330528897940571883397115913024834322264313067417373164733633236e-1 0.11445344467175872759570500121537052716874259239895858600386068793438513196405710830934157288168301684255174e0

0.38459039326167904341755233264862708504935517125929267910395237479548267335390523327588097260837085870211891e0 -0.79534969130172274638631596346978885123191721595883089277160123835107478450324513302739333944292465170728394e0
-0.10936442113545265296653826759067152482475186950240582319178196060736873973722181276967719628981229903089115e1 0.53698874561208072411408880919456943818012151560516420999759956181525199025757228567841802939089721955462461e-1
-0.14126629513508128290899159284852166643623377590585360575885963416650391058282187180744732641805405896511611e0 -0.23138887136442980303397698696103367704887797701122075725798038910045991670521220515130101898236361072068753e0
-0.59512190736771698122544016547515854450768288246322456739414761066655194161153313661646474345253786907116703e-2 0.30699898154144997610825485582127249797571243778841140657644018441841307049540271495175529681553668218622208e-1

0.58632635939504728884670404278540437572486636435712719889713279992457667045700873954251088476359742436427764e0 -0.35018273398855088770832684434655795185750600448340666979487514286868170163865377125894972789909865098575088e0
-0.13802209468633453534644506700795959067210947723500955802836504808271975550665783932441910991726412653558606e1 -0.55734539136089806980124370617094284597041426875180314840298459032589646263208902791361479605556626131022319e-1
-0.45443254080858342398938395909644379169694008952930846061600389086265502025470504056330317001805327754274189e0 -0.32379501849438117669541773234806266605867486499685251200206404207567989119185420453889858350144689533505000e0
0.46025320356227318944613518654743427291284883924997532878712703982836420178814605473211119286849008581705899e-1 0.12011399446386934751491587800350157878951194923066656585619989585468257803749561535965395994325125805618021e0

0.70639746040421142650043575462464646252636752184645719600920776981925619180128119484890480214004378826014837e0 -0.18226155221621663145049175471740464518576881427653640284944087252722489959724210990814446958410067218903537e0
-0.15092172909278735398714574255151574387440315975773434347342456659837292840410514210607060721656841404930184e1 -0.50532260885681268685225626387513710771945918818553839084337469164057819970443846558055714321331611092729695e-1
-0.59265862515962535802768552034737427855500126835177140045573578062396673715215108782487594994305638306835556e0 -0.19595902920635116746908616477885914243860134639513623275998474000223165296276243866643909569700174697385907e0
0.11515188101055714099035351854986713719142992189515714001018138121500092619861750205270268126179132650389696e0 0.84208054756587247606924024689825984028478843229523107309176092901743550259829868651276257097002691872159306e-1

0.64674503795495360966411973312438985181717072191815097167989524637922319980503474104114640687435663697070473e0 -0.26873021146705587029102013106546634653224458123284081173614091549964057848398730065816136640687816344695500e0
-0.14452210022560974650772950698116152821683120228248407940023218287704049735208981789090829089088606659690499e1 -0.56391239099986669185986719928004215878895474204453164435199192046675925962155548916441154611670310473737285e-1
-0.53136217897055809805852386562753578685581700222837690559437015091965052022075022072865657158932452229355749e0 -0.27105474571526888532901566266434115666972120924287721054740150337994120632494798858131060582878972812026825e0
0.83244218157293296913167642825435589371110485126210511439326413564168822029357278749421557717940696925102641e-1 0.11074487955373481103438609753003165784315938196298778855555395470647756890180977989576721020222355096908452e0

