13

0.960075930417880520023823485552153739218941994117260392343331574591321755921870096089912994655561352334787584154075231395483502722375757029924804244738691395665584052704494783690037036351799497049439722259e0 0.431542734259651164451802299315616699847574105113020526383148266200042845335639885706371476666165596379661067245250988928657118428617104581802031018926329021663837069208491474267313851198223043280986512718e0
0.160703557451694377660834058797436294986638070060687701796748030573316380674021906217570923727618131443423057077250369167193889691632480231897630404603012804830559181832033543330719916686950447488000484242e0 0.535514428271688409600766136740756466146837501478699499594984022119362021028277021216925715689690974382756534817714727714728537906475094352847449022419704409487215448139595313338608225091488621601039749668e-1
0.513125221795113031310258660868227615585097283226191286226139241970412534356188907053334656833315935061870092014548904606388112674503085836997250081766758386274487437797600494622377307878877027947538282735e0 0.187083902671534940960618201749709947461974077241966147581033969525093778848949222691185121328640152464670088860881210554758908436247077249733650485385165464484745547704683178782440853434015590577213222479e0
0.447103482244238284395176002287194006058298405808803910482349343380907945885538674088593261699744208121556831678281298532760864221028919319354911356586543556207553089049126767209009692731605132829365796433e-1 0.215346366287686649099177543582225902761137503287188897171845890268255015961031459479337572303386125527224623554357115692201930926102962206045778568049400450961935580426196852744909787076897559611005277809e-1

0.115464457615495647609266922259466499391603496447766914141561990931500919050194310326791355017513918116575194412055039851516455614694575037157614700606481338784979200895968924412441139732697746595812452492e1 0.795921563073611922788323577838555640061776812211223799935032112082451021568984579505589030333417552093892660030949427285707628984746438160709544718518041592842725660869828068391782253306408208111369244637e0
0.386811123583373809676551289739817846796350733820568740962652246328637140497184227836929129245414187714588444980390801387814690188513081712001848346554225067698350049565648688116342533492603048277068639860e0 0.193796027994966724702734506597465719501716103189955699705008218273160280188367623829444139549815295544358343257027770214905475899872506094787140746704988432358172019214958484873596585999066847911565534112e0
0.136871217246001951898064744675509510361949283928154598129349991106595815387673095698722631179888676145875985315518298699912232832294811632520858243143334701508282639646782145879800643883697603883229313037e1 -0.449987238860476683319491449258796242936914046674658604082196617704228794238635028408095081302046936820334649114603573761113052911607477307079920509808065907988873224662053230494330725151142552375272930293e-1
0.422461414823344647468429801296371279852021249226642674590848028436251718061356872504979632422919746458811639825513070089794880460909361420970674723239687818063074536658224581070777948326257425968887339326e-1 -0.128417541461375391095229339855346238324853745438213064696695410197598968780081649058396522503405099481018931824512199394212310634837404088906643614183954082706692039004974318815742845807894464518359572776e0

0.294257052973852423606540577903275676526398024196506950504098015600005532447845554408120277187546722480192334878368259012539735862042187643398588334864186992368843199990737290670219369466668033988152539877e0 -0.248188763967515307935643743613172647154386586489600477880984999061069512442818582152743643045087939856827812577575737365378780293982039295079702983445160002243887033445140430992721565405846814942807417174e-2
0.136830017845420741203546203331267574653044203937648869748013817937247498689518177245555656419065998648020612040617267446180213433733585687410116557017655210044101760152400749686492386386710542737847777150e0 -0.678030947651893744493986034386168810252996344898015415941280335469485368600211433025141441477780473195774091142454205726191500682724031329661491898016431635890500777166458114682781030137612843090512932055e-1
0.230846963753744204942693973915161695411802445540506689431896223600402238947561647342282160007945724152035442949661043738170317469753651588512787328125590225031108206062939737037464829640590152419399591882e0 0.699847710512377656405200455979695240682497858024933724644801704486135384630942635209807757798749604664662757146180742879752610194563077816086618472189505731048088480864661620776105893695478779163715201556e0
-0.126980540695945001410845448877851577192706159102374130749911386699068439831443110394625258167702291557380400724921218699185632858691991626734315934648177595859730534724148399010526763305768318796484723066e0 0.311146205453120219036141424952882880676568493888324285521965217164202105326001017897452429999229495040814491262898232699608593812002423282686078453091407308830034905185748387724470077955383569462508967797e0

0.107182959307887159604600222187015643094206956709777234488545962288084409875338353499325287148708478168786803436428017124306350247911282604798696960990749363416483537706289976248267859054208083933930672460e1 0.568653334436058987811451569904014743506619318972253924118046280277667670755030765387671546755421058818366275764258943095054145202437972774820519969872686976318891410234480800563473092798387938535310361840e0
0.332394879521373989105676058965704667811789737021066543778657526431817930777909486964427435839008045821162221192269135490932458377809546859931344911677965550718384143115114076741624736322115079476642317621e0 0.841471596229455829794232647486899026836370012857588157241045335322373590892250982333771389044962200136605505124153534002435006788352964521230361811620914404160080876100718885106743288717543016875540993272e-1
0.965257630380402279691279677001623850432572528691338725768401818450082088174534294706826126393734156872405135702350338032254622838236753874946354676575988320633762747955367811343063755557800476462680690193e0 -0.735147519001333894841351665638073371213079190054871268152597733534424384751551964093048436917555149176777335786657382066414567629258706769145413907207491438233030785881419644926606520449677457141535639347e-1
0.104062033199682516428594420494703692116575235991399727202039745292949494069403274461399270696587340206154649034924732512044290343022402592392130902420721196462770964106346178606522595489401779034486041896e-1 -0.386987012884975532697656358154921185342972036560111824348522114161709211449517355454661155181354142539369408690480113293300797219411411027766211178915519289837144774172402229947851071125772827267549708662e-1

0.103406528562329143493602489721815754173782982029941992208255630019252619208078605803777543717529904435866061709879071243844766663674205750985373682490783834916568302525505854778999708207179436648677698508e1 0.259383816965791852437378424725854864640031167709720503759082234452380411827453360920680372570705484889618428871949444563461574805646405842867491328426133513631191976230115016408895290896921887276692627580e0
0.152062601649335591273193749397811979495840917073546494955959726936991486329456467769186504626584094950538287502097641519149247781203951280041826000168269224330486883797740456839937266600832105414577945310e0 0.157239301654327073196277143024349700317113234002633469402072414562818036038290438000060776041702382707491790577066927248245511108394846029603718697192130396230272341876756268305810173101728794961438096104e0
0.407391575536306857840237755277349962179935938116007175870885132711267324138590466615182324508350126926410754510043505245893523936768002746319053645755017213939622294780338757013882124990725994955170897439e0 0.342781954789404022283744049100403657963425837745328738897142264420937960715956322483646749984229525298776944644773080910981048107737387014340717660210807651920214390909706785279499374129115872170580166937e0
0.475399845404364604730337287896673012424646789045415842423116316198636130027369698463726091630956054891621108591266671407794922824956536056411453810620558076867194759531840350526888818942849576004022748638e-1 -0.112817626610408335417471228826225419280888669745921160995766050319845190841666730051273253176012669078558768514296235301525429258799847975657446529641560300619502711293178711876751008049367414216608391511e-1

0.806898199754479501453069708742224810376749866981721045382331557576025247059407565851396920054399772989685110464320682265999024661886693905344203358660808539747999548783435560695223205949466073361129708355e0 -0.109071674160641318359837123245779552261680883693818724269375228910498658942896403024148819059844876648323658160405732202512944988799785362648720693877678669494707868105503933247800289742836313701031099686e0
0.313437762817455581677325132594685578520685847790370189431840596114995660831146657198000816049994391078515910425725521064899013632994622581732115653872402074254982276386266208260370988022596280401280024504e0 0.907701187408811355533610956441753116614643596142293292255050230573439450186897996653545665622366931308307113447261711012055138365543124755272055971533062949463803021986939395113360759338351752479645681067e-1
0.331854517069912976434144790329848510804880788714636535585733574889494447187623192913666862440595951149381337624967713306667116051897185726011360124088166777431109237035505667918478290702759375029295136629e0 0.474245185280573392268456250175957675509289307195290925749339570094861439758493430896358641335065321105170226125550145251080392390089746798735638457201869162596207910198489418851798687415978765738569906086e0
-0.126804483861737749902028740536694297607783530562162355580753509143865418138686146663306958046831346639624570942788359953666291099405923169217327577998805146210889713556165602765806720462287631387579868726e0 -0.609188008123771278803909166012841950317844215444411512885702363395677323573795073543828250025424038122551646899132300428124453770780988141402570677857808071932223423290721909053972161051007885783224803756e-1

0.141695347724644045790346334139010206885974309200377111542178144092580475230537330288865679548862440758562904756875995514298987427944793889228010954570600815050128351149561898723585983070356470803403133427e0 0.857107429391207732308942108458133043840224234452241897211372639676913092121782072627593547816367853415715376397488349647405650546001042941868648413413075381500687042029991637880182279194438402668260897700e-1
0.536723827676085487297482333089993798448644987632922573394496696861009474809072815390593711297719818050035197688317927228348666901479691854140958649942338055695553975908767183128365891816315875242126064786e-1 -0.600791773930965706175588269652262929361829730945698691463486142211449696590730509658506493726701369916018274155575378175903246362383896835504551604880206672377424499786763008266316746523808647504340320130e-1
0.178326985705113865694608290013841131639007045984076920653702268875315143260305930755146722107989776374705977114273679459567623239393944159619905979224356689291671322634125709323507379572277455475299406644e0 0.864953985860595022160367510608760200696974726567572240670808255390627377207057189232824664802112199062686870268701204198330691289360581143903173845486185200119070646858263978792380543419515211028637130989e0
-0.163728167637862656377379055104506278680587406250624722889888388509262469560379008996328296041351855140874332897942039363609848542422307031154187225057514543841359621111963384088386350252430968533448294326e-1 0.383727624212092920405270136587444821770941815519285207660105300688355387619151249043892493247614559033004076870550447562261549876047060146819189131559837756795161650889453370020763766539002438779144012120e0

0.867045547200599444386696518784043274771796368133190290669227546606356586413777458313541312894694488374692353611900286340483873153482479012194850149730804511627712437874724151980012293991544414104936320234e0 -0.920832971940318462941752668292005940111278257524697681283103742838767744884330793984502461555984305398696404147668575345172765288915681511254446555810026856175704221745307076729276416484651825847381884937e-1
0.310409576550168232623990670887155570005734121070254726073031250926696644233398686162544550769917720315463865757713878319708128851620103186889379154020579242834367479761490790629209374519664012736516288735e0 0.120620835661441687358873380020294753252951837499519250898463368284493918591761503883906107620438841313354123278599080741958522740608967375157740824439603058887749758524699597766167894644419266059444033155e0
0.338096753828357140425040250072800445259790838268640259665776981843396396895753042875967136761857287848197049603499363291911883714838452611140190847853392788303732308020450651951550983751253752822286758674e0 0.455876446598600170474240536922227521702664186868180458614288679614023058141273812436726063830345606484368922544244500520814461587888369847608221670891407434798823447524345904072086133136211627156682055644e0
-0.944180402516068592650731895668420095666893382844944164086609200326165632376102970461896557582107416913834809705241855486677398725096846672518902759197688818797556601013737892755904282512137118042924161066e-1 -0.795705634210212051198091612352665501276881157674544040432757050017330185902747767911930822637454093111755235513195607091265452692590913915986772896654936397449329279068525447328584380933128526366903367246e-1

-0.222118343544325469116762867896441563652273827915226667866507923139797314219309794846630653532970560861802508697887455651254315813580987735730826076089953709119086156228721688742248704845487132651199176329e0 0.107255934062501010003481802034587806611388620492720636076787427287325243247608248975511431495774956730907297755861334435514029047708086979407741480612739139021824931333777641582878937489673553284830903920e1
-0.164292465286962539071596344382524111323362294291857608207721271840422782140474723471391754548962595215474169558649049764512009070849489989232377997177565939330975294521791582676959546334714534579005421074e0 0.313144471244930452882033745407766206221906993605816266626570184373233671701469459014438124811373899173673031892922584475272248948276940991932465009297774448459478974772359132370289315969891865504839759065e0
0.999446914789847113592719457532763625133982149585656121725649423433491784004320322133639188777757949054550661002235279458158292310571909609000979650645829096876178077734345119351564731719032663259563289863e0 0.185531354817457004031781239364302381393274547080533111550774588361025285990098779051805107985179590147161578805861248273195390693178218810402190507884242283130876828144439114249319019990496682388070649783e1
0.502708100314217110642261782616902107424200880980939017000757832944534456809203233829160388605490828786870157654628564998865871680333567824724241703572251437865586631937452649321206661088778842411796059285e0 0.233149635529741277048218101630407120580797928149430143292155610135441491869624883814838686702237822736354359386144037542319768873817011115813298285301432232708561214461184849840482866980316286783779883278e0

0.987201441031586832634398142433637721013725953502800102399786239591673746440568359080501754922279930396076385009880354344372597148700461881733079040458994403629977694986793201055819579736856481870844260431e0 0.479272328406952354924452715409417112043258447811113277418902420103479358035367799322712334592633804616272344375289235155381039740834080083447977738038376497688778958129728651603195643618641789925878949415e0
0.262346821739757702814136393707282951305241525736056740737366944322897898116776392891572733177438561784800968808073586691540951337316789266394231253228469471449037034684238502614091165399053809483790296846e0 0.361208364778897504039416892277766031004578968524676208280474778016568664385177247054932201755933430356529589245067760625678229431116115022458200535490208134522449115436226895073500783553265637445761441583e-1
0.717666296672177098386375345838160390139139340262826729890040132472288249970276717846443042824421604764115009538698226926756327244487332698218686938978986990905892734034463869668383682512911340266771980463e0 0.823392982465768035085329717475256771270781295472488979811584474169857484707675709535517148598137144377171294083398826317326614657931868970272014634914938826979570621999458551597564607591486167126596867098e-2
0.214197742776267154876099333112535341381187773593083878426387820732328691684881355519246693792323589163955901999884902409776228495893249373196327411497403561333130868200542552431949395031886317842114429867e-1 0.876303741626924047146294366346813389786456464358078669845305003410869896647804840509564594592289885844611955913359210084352237984922167903149872525205473069785475947024996925362810347365704351083302966699e-2

0.166738083219437854349769635616485442865640627349854778285082681957887252975685019863074813050391702774783301639541886823449734555924002931793368896486413351883624282233045316339014684140545488320387474230e0 0.694732479161978767854945129348928368134388249625464974714824492853184776817319428787382610336653878893767177804107468027098821081347502780615009755204833109381788268127813172562555116020195595385998747916e-1
0.671566065732566115315045681938402918931772672295471567204835071667712328292951025564895259942066125006674278479108130036856880358040642835427140147503261856489698589185065119558164757969978090400611275889e-1 -0.630707428493349591289483410309684368656122110930952284992596853498227563114620015246155296043670679520250945648917684187535242005199827475537069071893932643474610753553802482433940404845789855167576532348e-1
0.184228886622202283598347376146991448583405026881336209793505314816491736189677177155590013863929779453358986349191606828495152605831262253678816628509126213857432340513701838043376375292407292921590845724e0 0.833174325555264512130692735037186422095624855555463218749942885699986494006431157595356682189605337131911892794623394723363651249264092749001696824837841965280685930120861621182066143707071246384668824595e0
-0.348901189008595342875247757608136811255228021515627114365842167211122751669688285876356895202834468639177729589108169761464110749112576105938536208091718739850202845599600828438456782520148238284154740041e-1 0.375011685155393593545197512742592608449253032292368527002753601524784072922145838918486420496732506798605190967896065253420822237959350106026360179030130174208045761821740485763187360948224968317771348237e0

0.257325226256264069925766593411752628852022409750191361162139307186707463241615776664268622171582152545039454144332189190571450944949687595369511726151103087586799884656699429630790793569858847682269425507e0 0.151926744751951024984053712735692676264762281483308591123422237519582506524626259887621736592792311740562295261016429559911063562279673234705866958310020069353621840898682149801031812117648024435482233391e1
0.214390152021925808274770053003298873791163699763919499432579969153307204362978746625879775585555440882577829073250176809818508811563861876882248486700600396423058898698290943037540364095575024480916052903e-1 0.506396161676869699285232797619320678237588533990967611497070257685289065759947036109038946703351612479715124048237301187073762888208678550236536190973189026802187180207064461254316691485298040056440986259e0
0.181952048427863077133284703315945870154502310427219673011715139674372807546945811726968963852059119407491701919856190108406329732335229446808370479631767528712980350087379881983705752068344718406101510294e1 0.153421560193494961222291669805491600945100718188300305092727320914210033370976623374728870482221050402608673754910002884027772043839025734983178038904752518056683958049394353804133365461113223888879309146e1
0.512571538579860258145844016024797878424276581873856528312539211267051831563678512304660367536868364179665384573335871517959354505110933766541192864036114353291508553942996142357791275066773029683851089471e0 -0.587973924090717559812869898148856397735831770963399007342844830432521170424202803154891689803875886318216277556098445221637465669434672945094331413505401907215673996960600304702033757432922388170676196883e-1

0.501338498187314494947558600972704400693008554726501138267329043813529831624493867068198734259912656133638385426426115000829906342937498160296104764617755471982321618792258080463566821587952821044901308454e0 0.268544544167338482172721520325875094717201073995445068735266717692487063851098170023488026142950971358479494923898405249153108194209293303336862302783333916768505433422209035150539095791839698853596296005e0
0.222252455118065437638944162555542910684228842068044106778964429104016538007660992612334139653502712675806153320539294979911460416545338757755746109434560402173795996189300784133686660684495567854446898850e0 -0.240591534746042358501896017164948660194910625852940734199397420209612874426026621091168305008440981885683102091908037591741912123522791428293072743818422097598161653552928188297336352581698851408652653540e0
0.124629847664378936772367181530501773603276305445410061747172689890786972715934625689033733281911758285079799356636891344560838759471276594907715484153568241863398826853522662736699181932652404788557304269e0 -0.711429702470072224205040809209775140655593217282152487774295818947391362891537553442779172660451227955591839894922647386094390788768534144410405188704049691605436981941149992725224627794492909825992788430e-2
0.154998952690968452746770799502838097750002532867998476279551509343862117123062798509623107964452516195709805677790589116478069441414956964145294745200813103566768854636221858485918361710215477495080106935e0 0.185795638002703821264892839164228211929980396108650867572063256448290018450033793925714959584816294180827101466732315195227697675962867881237235742776019207391094809602022876569757486407709253872037090717e0

